# variety ghosts halo streak chroma intensity  u v sunU sunV visibility  r g b
# generated by Project-Zero; checked against the reference lensFlare() by CheckLensFlare.py
0.0 5.0 0.550000 0.800000 0.650000 1.000000  -1.320000 -0.880000 0.000000 0.000000 1.000000  0.00316000 0.00284400 0.00252800
0.0 5.0 0.550000 0.800000 0.650000 1.000000  -1.100000 -0.880000 0.000000 0.000000 1.000000  0.00421819 0.00379730 0.00337549
0.0 5.0 0.550000 0.800000 0.650000 1.000000  -0.880000 -0.880000 0.000000 0.000000 1.000000  0.00546119 0.00491507 0.00436895
0.0 5.0 0.550000 0.800000 0.650000 1.000000  -0.660000 -0.880000 0.000000 0.000000 1.000000  0.00688572 0.00619734 0.00550877
0.0 5.0 0.550000 0.800000 0.650000 1.000000  -0.440000 -0.880000 0.000000 0.000000 1.000000  0.01238113 0.01134773 0.01010961
0.0 5.0 0.550000 0.800000 0.650000 1.000000  -0.220000 -0.880000 0.000000 0.000000 1.000000  0.00937038 0.00843335 0.00749631
0.0 5.0 0.550000 0.800000 0.650000 1.000000  0.000000 -0.880000 0.000000 0.000000 1.000000  0.01023087 0.00923006 0.00820698
0.0 5.0 0.550000 0.800000 0.650000 1.000000  0.220000 -0.880000 0.000000 0.000000 1.000000  0.01119850 0.01017006 0.00905021
0.0 5.0 0.550000 0.800000 0.650000 1.000000  0.440000 -0.880000 0.000000 0.000000 1.000000  0.00853016 0.00768930 0.00683629
0.0 5.0 0.550000 0.800000 0.650000 1.000000  0.660000 -0.880000 0.000000 0.000000 1.000000  0.00688180 0.00619362 0.00550544
0.0 5.0 0.550000 0.800000 0.650000 1.000000  0.880000 -0.880000 0.000000 0.000000 1.000000  0.00546119 0.00491507 0.00436895
0.0 5.0 0.550000 0.800000 0.650000 1.000000  1.100000 -0.880000 0.000000 0.000000 1.000000  0.00421827 0.00379738 0.00337555
0.0 5.0 0.550000 0.800000 0.650000 1.000000  1.320000 -0.880000 0.000000 0.000000 1.000000  0.00318632 0.00286900 0.00255037
0.0 5.0 0.550000 0.800000 0.650000 1.000000  -1.320000 -0.660000 0.000000 0.000000 1.000000  0.00378102 0.00340337 0.00302527
0.0 5.0 0.550000 0.800000 0.650000 1.000000  -1.100000 -0.660000 0.000000 0.000000 1.000000  0.00513658 0.00462293 0.00410927
0.0 5.0 0.550000 0.800000 0.650000 1.000000  -0.880000 -0.660000 0.000000 0.000000 1.000000  0.00693163 0.00624096 0.00554780
0.0 5.0 0.550000 0.800000 0.650000 1.000000  -0.660000 -0.660000 0.000000 0.000000 1.000000  0.00898422 0.00808580 0.00718738
0.0 5.0 0.550000 0.800000 0.650000 1.000000  -0.440000 -0.660000 0.000000 0.000000 1.000000  0.01166537 0.01051996 0.00935342
0.0 5.0 0.550000 0.800000 0.650000 1.000000  -0.220000 -0.660000 0.000000 0.000000 1.000000  0.01328038 0.01195929 0.01063126
0.0 5.0 0.550000 0.800000 0.650000 1.000000  0.000000 -0.660000 0.000000 0.000000 1.000000  0.01558180 0.01410702 0.01254884
0.0 5.0 0.550000 0.800000 0.650000 1.000000  0.220000 -0.660000 0.000000 0.000000 1.000000  0.02383872 0.02198972 0.01960585
0.0 5.0 0.550000 0.800000 0.650000 1.000000  0.440000 -0.660000 0.000000 0.000000 1.000000  0.01124277 0.01011849 0.00899422
0.0 5.0 0.550000 0.800000 0.650000 1.000000  0.660000 -0.660000 0.000000 0.000000 1.000000  0.00898422 0.00808580 0.00718738
0.0 5.0 0.550000 0.800000 0.650000 1.000000  0.880000 -0.660000 0.000000 0.000000 1.000000  0.00693556 0.00624469 0.00555113
0.0 5.0 0.550000 0.800000 0.650000 1.000000  1.100000 -0.660000 0.000000 0.000000 1.000000  0.00562737 0.00508917 0.00452643
0.0 5.0 0.550000 0.800000 0.650000 1.000000  1.320000 -0.660000 0.000000 0.000000 1.000000  0.00446938 0.00405731 0.00361037
0.0 5.0 0.550000 0.800000 0.650000 1.000000  -1.320000 -0.440000 0.000000 0.000000 1.000000  0.00525444 0.00477585 0.00425041
0.0 5.0 0.550000 0.800000 0.650000 1.000000  -1.100000 -0.440000 0.000000 0.000000 1.000000  0.00691051 0.00626453 0.00557347
0.0 5.0 0.550000 0.800000 0.650000 1.000000  -0.880000 -0.440000 0.000000 0.000000 1.000000  0.00833773 0.00750650 0.00667272
0.0 5.0 0.550000 0.800000 0.650000 1.000000  -0.660000 -0.440000 0.000000 0.000000 1.000000  0.01124315 0.01011886 0.00899454
0.0 5.0 0.550000 0.800000 0.650000 1.000000  -0.440000 -0.440000 0.000000 0.000000 1.000000  0.01477997 0.01330198 0.01182398
0.0 5.0 0.550000 0.800000 0.650000 1.000000  -0.220000 -0.440000 0.000000 0.000000 1.000000  0.04371686 0.04062069 0.03624900
0.0 5.0 0.550000 0.800000 0.650000 1.000000  0.000000 -0.440000 0.000000 0.000000 1.000000  0.02602823 0.02373761 0.02113479
0.0 5.0 0.550000 0.800000 0.650000 1.000000  0.220000 -0.440000 0.000000 0.000000 1.000000  0.02217285 0.02015387 0.01793659
0.0 5.0 0.550000 0.800000 0.650000 1.000000  0.440000 -0.440000 0.000000 0.000000 1.000000  0.01477997 0.01330198 0.01182398
0.0 5.0 0.550000 0.800000 0.650000 1.000000  0.660000 -0.440000 0.000000 0.000000 1.000000  0.01166575 0.01052032 0.00935375
0.0 5.0 0.550000 0.800000 0.650000 1.000000  0.880000 -0.440000 0.000000 0.000000 1.000000  0.01218871 0.01116492 0.00994605
0.0 5.0 0.550000 0.800000 0.650000 1.000000  1.100000 -0.440000 0.000000 0.000000 1.000000  0.00644585 0.00582310 0.00517851
0.0 5.0 0.550000 0.800000 0.650000 1.000000  1.320000 -0.440000 0.000000 0.000000 1.000000  0.00432951 0.00389717 0.00346422
0.0 5.0 0.550000 0.800000 0.650000 1.000000  -1.320000 -0.220000 0.000000 0.000000 1.000000  0.00471123 0.00424063 0.00376950
0.0 5.0 0.550000 0.800000 0.650000 1.000000  -1.100000 -0.220000 0.000000 0.000000 1.000000  0.00683077 0.00615693 0.00547385
0.0 5.0 0.550000 0.800000 0.650000 1.000000  -0.880000 -0.220000 0.000000 0.000000 1.000000  0.01144823 0.01040731 0.00926249
0.0 5.0 0.550000 0.800000 0.650000 1.000000  -0.660000 -0.220000 0.000000 0.000000 1.000000  0.02383878 0.02198977 0.01960590
0.0 5.0 0.550000 0.800000 0.650000 1.000000  -0.440000 -0.220000 0.000000 0.000000 1.000000  0.01849043 0.01665558 0.01480654
0.0 5.0 0.550000 0.800000 0.650000 1.000000  -0.220000 -0.220000 0.000000 0.000000 1.000000  0.02431460 0.02188313 0.01945168
0.0 5.0 0.550000 0.800000 0.650000 1.000000  0.000000 -0.220000 0.000000 0.000000 1.000000  0.05150554 0.04752371 0.04237315
0.0 5.0 0.550000 0.800000 0.650000 1.000000  0.220000 -0.220000 0.000000 0.000000 1.000000  0.02431460 0.02188313 0.01945168
0.0 5.0 0.550000 0.800000 0.650000 1.000000  0.440000 -0.220000 0.000000 0.000000 1.000000  0.04003445 0.03712239 0.03311895
0.0 5.0 0.550000 0.800000 0.650000 1.000000  0.660000 -0.220000 0.000000 0.000000 1.000000  0.01328043 0.01195935 0.01063130
0.0 5.0 0.550000 0.800000 0.650000 1.000000  0.880000 -0.220000 0.000000 0.000000 1.000000  0.00962012 0.00867060 0.00770859
0.0 5.0 0.550000 0.800000 0.650000 1.000000  1.100000 -0.220000 0.000000 0.000000 1.000000  0.00669696 0.00602980 0.00536011
0.0 5.0 0.550000 0.800000 0.650000 1.000000  1.320000 -0.220000 0.000000 0.000000 1.000000  0.00470169 0.00423156 0.00376139
0.0 5.0 0.550000 0.800000 0.650000 1.000000  -1.320000 0.000000 0.000000 0.000000 1.000000  0.02033280 0.02298358 0.02798544
0.0 5.0 0.550000 0.800000 0.650000 1.000000  -1.100000 0.000000 0.000000 0.000000 1.000000  0.03201994 0.03641807 0.04463095
0.0 5.0 0.550000 0.800000 0.650000 1.000000  -0.880000 0.000000 0.000000 0.000000 1.000000  0.05057322 0.05784750 0.07131140
0.0 5.0 0.550000 0.800000 0.650000 1.000000  -0.660000 0.000000 0.000000 0.000000 1.000000  0.08009431 0.09209354 0.11413573
0.0 5.0 0.550000 0.800000 0.650000 1.000000  -0.440000 0.000000 0.000000 0.000000 1.000000  0.12716544 0.14691401 0.18295775
0.0 5.0 0.550000 0.800000 0.650000 1.000000  -0.220000 0.000000 0.000000 0.000000 1.000000  0.20236297 0.23480295 0.29368281
0.0 5.0 0.550000 0.800000 0.650000 1.000000  0.000000 0.000000 0.000000 0.000000 1.000000  0.62870675 0.69871652 0.79334545
0.0 5.0 0.550000 0.800000 0.650000 1.000000  0.220000 0.000000 0.000000 0.000000 1.000000  0.20236297 0.23480295 0.29368281
0.0 5.0 0.550000 0.800000 0.650000 1.000000  0.440000 0.000000 0.000000 0.000000 1.000000  0.12716544 0.14691401 0.18295775
0.0 5.0 0.550000 0.800000 0.650000 1.000000  0.660000 0.000000 0.000000 0.000000 1.000000  0.08009431 0.09209354 0.11413573
0.0 5.0 0.550000 0.800000 0.650000 1.000000  0.880000 0.000000 0.000000 0.000000 1.000000  0.05057322 0.05784750 0.07131140
0.0 5.0 0.550000 0.800000 0.650000 1.000000  1.100000 0.000000 0.000000 0.000000 1.000000  0.03201994 0.03641807 0.04463095
0.0 5.0 0.550000 0.800000 0.650000 1.000000  1.320000 0.000000 0.000000 0.000000 1.000000  0.02033280 0.02298358 0.02798544
0.0 5.0 0.550000 0.800000 0.650000 1.000000  -1.320000 0.220000 0.000000 0.000000 1.000000  0.00470169 0.00423156 0.00376139
0.0 5.0 0.550000 0.800000 0.650000 1.000000  -1.100000 0.220000 0.000000 0.000000 1.000000  0.00669696 0.00602980 0.00536011
0.0 5.0 0.550000 0.800000 0.650000 1.000000  -0.880000 0.220000 0.000000 0.000000 1.000000  0.00962013 0.00867060 0.00770859
0.0 5.0 0.550000 0.800000 0.650000 1.000000  -0.660000 0.220000 0.000000 0.000000 1.000000  0.01328043 0.01195935 0.01063130
0.0 5.0 0.550000 0.800000 0.650000 1.000000  -0.440000 0.220000 0.000000 0.000000 1.000000  0.04003445 0.03712239 0.03311895
0.0 5.0 0.550000 0.800000 0.650000 1.000000  -0.220000 0.220000 0.000000 0.000000 1.000000  0.02431460 0.02188313 0.01945168
0.0 5.0 0.550000 0.800000 0.650000 1.000000  0.000000 0.220000 0.000000 0.000000 1.000000  0.05150554 0.04752371 0.04237315
0.0 5.0 0.550000 0.800000 0.650000 1.000000  0.220000 0.220000 0.000000 0.000000 1.000000  0.02431460 0.02188313 0.01945168
0.0 5.0 0.550000 0.800000 0.650000 1.000000  0.440000 0.220000 0.000000 0.000000 1.000000  0.01849043 0.01665558 0.01480654
0.0 5.0 0.550000 0.800000 0.650000 1.000000  0.660000 0.220000 0.000000 0.000000 1.000000  0.02383878 0.02198977 0.01960590
0.0 5.0 0.550000 0.800000 0.650000 1.000000  0.880000 0.220000 0.000000 0.000000 1.000000  0.01144823 0.01040731 0.00926248
0.0 5.0 0.550000 0.800000 0.650000 1.000000  1.100000 0.220000 0.000000 0.000000 1.000000  0.00683077 0.00615693 0.00547385
0.0 5.0 0.550000 0.800000 0.650000 1.000000  1.320000 0.220000 0.000000 0.000000 1.000000  0.00471123 0.00424063 0.00376950
0.0 5.0 0.550000 0.800000 0.650000 1.000000  -1.320000 0.440000 0.000000 0.000000 1.000000  0.00432951 0.00389717 0.00346422
0.0 5.0 0.550000 0.800000 0.650000 1.000000  -1.100000 0.440000 0.000000 0.000000 1.000000  0.00644585 0.00582310 0.00517851
0.0 5.0 0.550000 0.800000 0.650000 1.000000  -0.880000 0.440000 0.000000 0.000000 1.000000  0.01218871 0.01116492 0.00994605
0.0 5.0 0.550000 0.800000 0.650000 1.000000  -0.660000 0.440000 0.000000 0.000000 1.000000  0.01166575 0.01052032 0.00935375
0.0 5.0 0.550000 0.800000 0.650000 1.000000  -0.440000 0.440000 0.000000 0.000000 1.000000  0.01477997 0.01330198 0.01182398
0.0 5.0 0.550000 0.800000 0.650000 1.000000  -0.220000 0.440000 0.000000 0.000000 1.000000  0.02217285 0.02015387 0.01793659
0.0 5.0 0.550000 0.800000 0.650000 1.000000  0.000000 0.440000 0.000000 0.000000 1.000000  0.02602823 0.02373761 0.02113479
0.0 5.0 0.550000 0.800000 0.650000 1.000000  0.220000 0.440000 0.000000 0.000000 1.000000  0.04371686 0.04062069 0.03624900
0.0 5.0 0.550000 0.800000 0.650000 1.000000  0.440000 0.440000 0.000000 0.000000 1.000000  0.01477997 0.01330198 0.01182398
0.0 5.0 0.550000 0.800000 0.650000 1.000000  0.660000 0.440000 0.000000 0.000000 1.000000  0.01124315 0.01011886 0.00899454
0.0 5.0 0.550000 0.800000 0.650000 1.000000  0.880000 0.440000 0.000000 0.000000 1.000000  0.00833773 0.00750650 0.00667272
0.0 5.0 0.550000 0.800000 0.650000 1.000000  1.100000 0.440000 0.000000 0.000000 1.000000  0.00691052 0.00626453 0.00557348
0.0 5.0 0.550000 0.800000 0.650000 1.000000  1.320000 0.440000 0.000000 0.000000 1.000000  0.00525444 0.00477585 0.00425041
0.0 5.0 0.550000 0.800000 0.650000 1.000000  -1.320000 0.660000 0.000000 0.000000 1.000000  0.00446938 0.00405731 0.00361037
0.0 5.0 0.550000 0.800000 0.650000 1.000000  -1.100000 0.660000 0.000000 0.000000 1.000000  0.00562737 0.00508917 0.00452643
0.0 5.0 0.550000 0.800000 0.650000 1.000000  -0.880000 0.660000 0.000000 0.000000 1.000000  0.00693556 0.00624469 0.00555113
0.0 5.0 0.550000 0.800000 0.650000 1.000000  -0.660000 0.660000 0.000000 0.000000 1.000000  0.00898422 0.00808580 0.00718738
0.0 5.0 0.550000 0.800000 0.650000 1.000000  -0.440000 0.660000 0.000000 0.000000 1.000000  0.01124277 0.01011849 0.00899422
0.0 5.0 0.550000 0.800000 0.650000 1.000000  -0.220000 0.660000 0.000000 0.000000 1.000000  0.02383872 0.02198972 0.01960585
0.0 5.0 0.550000 0.800000 0.650000 1.000000  0.000000 0.660000 0.000000 0.000000 1.000000  0.01558180 0.01410702 0.01254884
0.0 5.0 0.550000 0.800000 0.650000 1.000000  0.220000 0.660000 0.000000 0.000000 1.000000  0.01328038 0.01195929 0.01063126
0.0 5.0 0.550000 0.800000 0.650000 1.000000  0.440000 0.660000 0.000000 0.000000 1.000000  0.01166537 0.01051996 0.00935342
0.0 5.0 0.550000 0.800000 0.650000 1.000000  0.660000 0.660000 0.000000 0.000000 1.000000  0.00898422 0.00808580 0.00718738
0.0 5.0 0.550000 0.800000 0.650000 1.000000  0.880000 0.660000 0.000000 0.000000 1.000000  0.00693163 0.00624096 0.00554780
0.0 5.0 0.550000 0.800000 0.650000 1.000000  1.100000 0.660000 0.000000 0.000000 1.000000  0.00513658 0.00462293 0.00410927
0.0 5.0 0.550000 0.800000 0.650000 1.000000  1.320000 0.660000 0.000000 0.000000 1.000000  0.00378102 0.00340337 0.00302527
0.0 5.0 0.550000 0.800000 0.650000 1.000000  -1.320000 0.880000 0.000000 0.000000 1.000000  0.00318632 0.00286900 0.00255037
0.0 5.0 0.550000 0.800000 0.650000 1.000000  -1.100000 0.880000 0.000000 0.000000 1.000000  0.00421827 0.00379738 0.00337555
0.0 5.0 0.550000 0.800000 0.650000 1.000000  -0.880000 0.880000 0.000000 0.000000 1.000000  0.00546119 0.00491507 0.00436895
0.0 5.0 0.550000 0.800000 0.650000 1.000000  -0.660000 0.880000 0.000000 0.000000 1.000000  0.00688180 0.00619362 0.00550544
0.0 5.0 0.550000 0.800000 0.650000 1.000000  -0.440000 0.880000 0.000000 0.000000 1.000000  0.00853016 0.00768930 0.00683629
0.0 5.0 0.550000 0.800000 0.650000 1.000000  -0.220000 0.880000 0.000000 0.000000 1.000000  0.01119849 0.01017005 0.00905021
0.0 5.0 0.550000 0.800000 0.650000 1.000000  0.000000 0.880000 0.000000 0.000000 1.000000  0.01023087 0.00923006 0.00820698
0.0 5.0 0.550000 0.800000 0.650000 1.000000  0.220000 0.880000 0.000000 0.000000 1.000000  0.00937038 0.00843335 0.00749631
0.0 5.0 0.550000 0.800000 0.650000 1.000000  0.440000 0.880000 0.000000 0.000000 1.000000  0.01238113 0.01134773 0.01010961
0.0 5.0 0.550000 0.800000 0.650000 1.000000  0.660000 0.880000 0.000000 0.000000 1.000000  0.00688572 0.00619734 0.00550877
0.0 5.0 0.550000 0.800000 0.650000 1.000000  0.880000 0.880000 0.000000 0.000000 1.000000  0.00546119 0.00491507 0.00436895
0.0 5.0 0.550000 0.800000 0.650000 1.000000  1.100000 0.880000 0.000000 0.000000 1.000000  0.00421819 0.00379730 0.00337549
0.0 5.0 0.550000 0.800000 0.650000 1.000000  1.320000 0.880000 0.000000 0.000000 1.000000  0.00316000 0.00284400 0.00252800
1.0 5.0 0.550000 0.800000 0.650000 1.000000  -1.320000 -0.880000 0.000000 0.000000 1.000000  0.00316000 0.00284400 0.00252800
1.0 5.0 0.550000 0.800000 0.650000 1.000000  -1.100000 -0.880000 0.000000 0.000000 1.000000  0.00419956 0.00377960 0.00335965
1.0 5.0 0.550000 0.800000 0.650000 1.000000  -0.880000 -0.880000 0.000000 0.000000 1.000000  0.00546119 0.00491507 0.00436895
1.0 5.0 0.550000 0.800000 0.650000 1.000000  -0.660000 -0.880000 0.000000 0.000000 1.000000  0.00688180 0.00619362 0.00550544
1.0 5.0 0.550000 0.800000 0.650000 1.000000  -0.440000 -0.880000 0.000000 0.000000 1.000000  0.00828700 0.00745830 0.00662960
1.0 5.0 0.550000 0.800000 0.650000 1.000000  -0.220000 -0.880000 0.000000 0.000000 1.000000  0.00937031 0.00843328 0.00749625
1.0 5.0 0.550000 0.800000 0.650000 1.000000  0.000000 -0.880000 0.000000 0.000000 1.000000  0.00978528 0.00880675 0.00782823
1.0 5.0 0.550000 0.800000 0.650000 1.000000  0.220000 -0.880000 0.000000 0.000000 1.000000  0.00937031 0.00843328 0.00749625
1.0 5.0 0.550000 0.800000 0.650000 1.000000  0.440000 -0.880000 0.000000 0.000000 1.000000  0.00828700 0.00745830 0.00662960
1.0 5.0 0.550000 0.800000 0.650000 1.000000  0.660000 -0.880000 0.000000 0.000000 1.000000  0.00688180 0.00619362 0.00550544
1.0 5.0 0.550000 0.800000 0.650000 1.000000  0.880000 -0.880000 0.000000 0.000000 1.000000  0.00546119 0.00491507 0.00436895
1.0 5.0 0.550000 0.800000 0.650000 1.000000  1.100000 -0.880000 0.000000 0.000000 1.000000  0.00419956 0.00377960 0.00335965
1.0 5.0 0.550000 0.800000 0.650000 1.000000  1.320000 -0.880000 0.000000 0.000000 1.000000  0.00316000 0.00284400 0.00252800
1.0 5.0 0.550000 0.800000 0.650000 1.000000  -1.320000 -0.660000 0.000000 0.000000 1.000000  0.00377195 0.00339475 0.00301756
1.0 5.0 0.550000 0.800000 0.650000 1.000000  -1.100000 -0.660000 0.000000 0.000000 1.000000  0.00513656 0.00462291 0.00410925
1.0 5.0 0.550000 0.800000 0.650000 1.000000  -0.880000 -0.660000 0.000000 0.000000 1.000000  0.00688180 0.00619362 0.00550544
1.0 5.0 0.550000 0.800000 0.650000 1.000000  -0.660000 -0.660000 0.000000 0.000000 1.000000  0.00898422 0.00808580 0.00718738
1.0 5.0 0.550000 0.800000 0.650000 1.000000  -0.440000 -0.660000 0.000000 0.000000 1.000000  0.01124277 0.01011849 0.00899422
1.0 5.0 0.550000 0.800000 0.650000 1.000000  -0.220000 -0.660000 0.000000 0.000000 1.000000  0.01314127 0.01182714 0.01051302
1.0 5.0 0.550000 0.800000 0.650000 1.000000  0.000000 -0.660000 0.000000 0.000000 1.000000  0.01391378 0.01252240 0.01113102
1.0 5.0 0.550000 0.800000 0.650000 1.000000  0.220000 -0.660000 0.000000 0.000000 1.000000  0.01314127 0.01182714 0.01051302
1.0 5.0 0.550000 0.800000 0.650000 1.000000  0.440000 -0.660000 0.000000 0.000000 1.000000  0.01124277 0.01011849 0.00899422
1.0 5.0 0.550000 0.800000 0.650000 1.000000  0.660000 -0.660000 0.000000 0.000000 1.000000  0.00898422 0.00808580 0.00718738
1.0 5.0 0.550000 0.800000 0.650000 1.000000  0.880000 -0.660000 0.000000 0.000000 1.000000  0.00688180 0.00619362 0.00550544
1.0 5.0 0.550000 0.800000 0.650000 1.000000  1.100000 -0.660000 0.000000 0.000000 1.000000  0.00513656 0.00462291 0.00410925
1.0 5.0 0.550000 0.800000 0.650000 1.000000  1.320000 -0.660000 0.000000 0.000000 1.000000  0.00377195 0.00339475 0.00301756
1.0 5.0 0.550000 0.800000 0.650000 1.000000  -1.320000 -0.440000 0.000000 0.000000 1.000000  0.00431732 0.00388559 0.00345386
1.0 5.0 0.550000 0.800000 0.650000 1.000000  -1.100000 -0.440000 0.000000 0.000000 1.000000  0.00600926 0.00540833 0.00480741
1.0 5.0 0.550000 0.800000 0.650000 1.000000  -0.880000 -0.440000 0.000000 0.000000 1.000000  0.00828700 0.00745830 0.00662960
1.0 5.0 0.550000 0.800000 0.650000 1.000000  -0.660000 -0.440000 0.000000 0.000000 1.000000  0.01124277 0.01011849 0.00899422
1.0 5.0 0.550000 0.800000 0.650000 1.000000  -0.440000 -0.440000 0.000000 0.000000 1.000000  0.01477997 0.01330198 0.01182398
1.0 5.0 0.550000 0.800000 0.650000 1.000000  -0.220000 -0.440000 0.000000 0.000000 1.000000  0.01820659 0.01638593 0.01456527
1.0 5.0 0.550000 0.800000 0.650000 1.000000  0.000000 -0.440000 0.000000 0.000000 1.000000  0.01978412 0.01780570 0.01582729
1.0 5.0 0.550000 0.800000 0.650000 1.000000  0.220000 -0.440000 0.000000 0.000000 1.000000  0.01820659 0.01638593 0.01456527
1.0 5.0 0.550000 0.800000 0.650000 1.000000  0.440000 -0.440000 0.000000 0.000000 1.000000  0.01477997 0.01330198 0.01182398
1.0 5.0 0.550000 0.800000 0.650000 1.000000  0.660000 -0.440000 0.000000 0.000000 1.000000  0.01124277 0.01011849 0.00899422
1.0 5.0 0.550000 0.800000 0.650000 1.000000  0.880000 -0.440000 0.000000 0.000000 1.000000  0.00828700 0.00745830 0.00662960
1.0 5.0 0.550000 0.800000 0.650000 1.000000  1.100000 -0.440000 0.000000 0.000000 1.000000  0.00600926 0.00540833 0.00480741
1.0 5.0 0.550000 0.800000 0.650000 1.000000  1.320000 -0.440000 0.000000 0.000000 1.000000  0.00431732 0.00388559 0.00345386
1.0 5.0 0.550000 0.800000 0.650000 1.000000  -1.320000 -0.220000 0.000000 0.000000 1.000000  0.00470087 0.00423078 0.00376069
1.0 5.0 0.550000 0.800000 0.650000 1.000000  -1.100000 -0.220000 0.000000 0.000000 1.000000  0.00664606 0.00598146 0.00531685
1.0 5.0 0.550000 0.800000 0.650000 1.000000  -0.880000 -0.220000 0.000000 0.000000 1.000000  0.00937031 0.00843328 0.00749625
1.0 5.0 0.550000 0.800000 0.650000 1.000000  -0.660000 -0.220000 0.000000 0.000000 1.000000  0.01314127 0.01182714 0.01051302
1.0 5.0 0.550000 0.800000 0.650000 1.000000  -0.440000 -0.220000 0.000000 0.000000 1.000000  0.01820659 0.01638593 0.01456527
1.0 5.0 0.550000 0.800000 0.650000 1.000000  -0.220000 -0.220000 0.000000 0.000000 1.000000  0.02431458 0.02188312 0.01945167
1.0 5.0 0.550000 0.800000 0.650000 1.000000  0.000000 -0.220000 0.000000 0.000000 1.000000  0.02813121 0.02531808 0.02250497
1.0 5.0 0.550000 0.800000 0.650000 1.000000  0.220000 -0.220000 0.000000 0.000000 1.000000  0.02431458 0.02188312 0.01945167
1.0 5.0 0.550000 0.800000 0.650000 1.000000  0.440000 -0.220000 0.000000 0.000000 1.000000  0.01820659 0.01638593 0.01456527
1.0 5.0 0.550000 0.800000 0.650000 1.000000  0.660000 -0.220000 0.000000 0.000000 1.000000  0.01314127 0.01182714 0.01051302
1.0 5.0 0.550000 0.800000 0.650000 1.000000  0.880000 -0.220000 0.000000 0.000000 1.000000  0.00937031 0.00843328 0.00749625
1.0 5.0 0.550000 0.800000 0.650000 1.000000  1.100000 -0.220000 0.000000 0.000000 1.000000  0.00664606 0.00598146 0.00531685
1.0 5.0 0.550000 0.800000 0.650000 1.000000  1.320000 -0.220000 0.000000 0.000000 1.000000  0.00470087 0.00423078 0.00376069
1.0 5.0 0.550000 0.800000 0.650000 1.000000  -1.320000 0.000000 0.000000 0.000000 1.000000  0.03892437 0.04533686 0.05692173
1.0 5.0 0.550000 0.800000 0.650000 1.000000  -1.100000 0.000000 0.000000 0.000000 1.000000  0.06218571 0.07268742 0.09158157
1.0 5.0 0.550000 0.800000 0.650000 1.000000  -0.880000 0.000000 0.000000 0.000000 1.000000  0.09951874 0.11669639 0.14749119
1.0 5.0 0.550000 0.800000 0.650000 1.000000  -0.660000 0.000000 0.000000 0.000000 1.000000  0.15951096 0.18757892 0.23774141
1.0 5.0 0.550000 0.800000 0.650000 1.000000  -0.440000 0.000000 0.000000 0.000000 1.000000  0.25602305 0.30184391 0.38351431
1.0 5.0 0.550000 0.800000 0.650000 1.000000  -0.220000 0.000000 0.000000 0.000000 1.000000  0.41144112 0.48618481 0.61909622
1.0 5.0 0.550000 0.800000 0.650000 1.000000  0.000000 0.000000 0.000000 0.000000 1.000000  0.66194010 0.78378010 1.00000000
1.0 5.0 0.550000 0.800000 0.650000 1.000000  0.220000 0.000000 0.000000 0.000000 1.000000  0.41144112 0.48618481 0.61909622
1.0 5.0 0.550000 0.800000 0.650000 1.000000  0.440000 0.000000 0.000000 0.000000 1.000000  0.25602305 0.30184391 0.38351431
1.0 5.0 0.550000 0.800000 0.650000 1.000000  0.660000 0.000000 0.000000 0.000000 1.000000  0.15951096 0.18757892 0.23774141
1.0 5.0 0.550000 0.800000 0.650000 1.000000  0.880000 0.000000 0.000000 0.000000 1.000000  0.09951874 0.11669639 0.14749119
1.0 5.0 0.550000 0.800000 0.650000 1.000000  1.100000 0.000000 0.000000 0.000000 1.000000  0.06218571 0.07268742 0.09158157
1.0 5.0 0.550000 0.800000 0.650000 1.000000  1.320000 0.000000 0.000000 0.000000 1.000000  0.03892437 0.04533686 0.05692173
1.0 5.0 0.550000 0.800000 0.650000 1.000000  -1.320000 0.220000 0.000000 0.000000 1.000000  0.00470087 0.00423078 0.00376069
1.0 5.0 0.550000 0.800000 0.650000 1.000000  -1.100000 0.220000 0.000000 0.000000 1.000000  0.00664606 0.00598146 0.00531685
1.0 5.0 0.550000 0.800000 0.650000 1.000000  -0.880000 0.220000 0.000000 0.000000 1.000000  0.00937031 0.00843328 0.00749625
1.0 5.0 0.550000 0.800000 0.650000 1.000000  -0.660000 0.220000 0.000000 0.000000 1.000000  0.01314127 0.01182714 0.01051302
1.0 5.0 0.550000 0.800000 0.650000 1.000000  -0.440000 0.220000 0.000000 0.000000 1.000000  0.01820659 0.01638593 0.01456527
1.0 5.0 0.550000 0.800000 0.650000 1.000000  -0.220000 0.220000 0.000000 0.000000 1.000000  0.02431458 0.02188312 0.01945167
1.0 5.0 0.550000 0.800000 0.650000 1.000000  0.000000 0.220000 0.000000 0.000000 1.000000  0.02813121 0.02531808 0.02250497
1.0 5.0 0.550000 0.800000 0.650000 1.000000  0.220000 0.220000 0.000000 0.000000 1.000000  0.02431458 0.02188312 0.01945167
1.0 5.0 0.550000 0.800000 0.650000 1.000000  0.440000 0.220000 0.000000 0.000000 1.000000  0.01820659 0.01638593 0.01456527
1.0 5.0 0.550000 0.800000 0.650000 1.000000  0.660000 0.220000 0.000000 0.000000 1.000000  0.01314127 0.01182714 0.01051302
1.0 5.0 0.550000 0.800000 0.650000 1.000000  0.880000 0.220000 0.000000 0.000000 1.000000  0.00937031 0.00843328 0.00749625
1.0 5.0 0.550000 0.800000 0.650000 1.000000  1.100000 0.220000 0.000000 0.000000 1.000000  0.00664606 0.00598146 0.00531685
1.0 5.0 0.550000 0.800000 0.650000 1.000000  1.320000 0.220000 0.000000 0.000000 1.000000  0.00470087 0.00423078 0.00376069
1.0 5.0 0.550000 0.800000 0.650000 1.000000  -1.320000 0.440000 0.000000 0.000000 1.000000  0.00431732 0.00388559 0.00345386
1.0 5.0 0.550000 0.800000 0.650000 1.000000  -1.100000 0.440000 0.000000 0.000000 1.000000  0.00600926 0.00540833 0.00480741
1.0 5.0 0.550000 0.800000 0.650000 1.000000  -0.880000 0.440000 0.000000 0.000000 1.000000  0.00828700 0.00745830 0.00662960
1.0 5.0 0.550000 0.800000 0.650000 1.000000  -0.660000 0.440000 0.000000 0.000000 1.000000  0.01124277 0.01011849 0.00899422
1.0 5.0 0.550000 0.800000 0.650000 1.000000  -0.440000 0.440000 0.000000 0.000000 1.000000  0.01477997 0.01330198 0.01182398
1.0 5.0 0.550000 0.800000 0.650000 1.000000  -0.220000 0.440000 0.000000 0.000000 1.000000  0.01820659 0.01638593 0.01456527
1.0 5.0 0.550000 0.800000 0.650000 1.000000  0.000000 0.440000 0.000000 0.000000 1.000000  0.01978412 0.01780570 0.01582729
1.0 5.0 0.550000 0.800000 0.650000 1.000000  0.220000 0.440000 0.000000 0.000000 1.000000  0.01820659 0.01638593 0.01456527
1.0 5.0 0.550000 0.800000 0.650000 1.000000  0.440000 0.440000 0.000000 0.000000 1.000000  0.01477997 0.01330198 0.01182398
1.0 5.0 0.550000 0.800000 0.650000 1.000000  0.660000 0.440000 0.000000 0.000000 1.000000  0.01124277 0.01011849 0.00899422
1.0 5.0 0.550000 0.800000 0.650000 1.000000  0.880000 0.440000 0.000000 0.000000 1.000000  0.00828700 0.00745830 0.00662960
1.0 5.0 0.550000 0.800000 0.650000 1.000000  1.100000 0.440000 0.000000 0.000000 1.000000  0.00600926 0.00540833 0.00480741
1.0 5.0 0.550000 0.800000 0.650000 1.000000  1.320000 0.440000 0.000000 0.000000 1.000000  0.00431732 0.00388559 0.00345386
1.0 5.0 0.550000 0.800000 0.650000 1.000000  -1.320000 0.660000 0.000000 0.000000 1.000000  0.00377195 0.00339475 0.00301756
1.0 5.0 0.550000 0.800000 0.650000 1.000000  -1.100000 0.660000 0.000000 0.000000 1.000000  0.00513656 0.00462291 0.00410925
1.0 5.0 0.550000 0.800000 0.650000 1.000000  -0.880000 0.660000 0.000000 0.000000 1.000000  0.00688180 0.00619362 0.00550544
1.0 5.0 0.550000 0.800000 0.650000 1.000000  -0.660000 0.660000 0.000000 0.000000 1.000000  0.00898422 0.00808580 0.00718738
1.0 5.0 0.550000 0.800000 0.650000 1.000000  -0.440000 0.660000 0.000000 0.000000 1.000000  0.01124277 0.01011849 0.00899422
1.0 5.0 0.550000 0.800000 0.650000 1.000000  -0.220000 0.660000 0.000000 0.000000 1.000000  0.01314127 0.01182714 0.01051302
1.0 5.0 0.550000 0.800000 0.650000 1.000000  0.000000 0.660000 0.000000 0.000000 1.000000  0.01391378 0.01252240 0.01113102
1.0 5.0 0.550000 0.800000 0.650000 1.000000  0.220000 0.660000 0.000000 0.000000 1.000000  0.01314127 0.01182714 0.01051302
1.0 5.0 0.550000 0.800000 0.650000 1.000000  0.440000 0.660000 0.000000 0.000000 1.000000  0.01124277 0.01011849 0.00899422
1.0 5.0 0.550000 0.800000 0.650000 1.000000  0.660000 0.660000 0.000000 0.000000 1.000000  0.00898422 0.00808580 0.00718738
1.0 5.0 0.550000 0.800000 0.650000 1.000000  0.880000 0.660000 0.000000 0.000000 1.000000  0.00688180 0.00619362 0.00550544
1.0 5.0 0.550000 0.800000 0.650000 1.000000  1.100000 0.660000 0.000000 0.000000 1.000000  0.00513656 0.00462291 0.00410925
1.0 5.0 0.550000 0.800000 0.650000 1.000000  1.320000 0.660000 0.000000 0.000000 1.000000  0.00377195 0.00339475 0.00301756
1.0 5.0 0.550000 0.800000 0.650000 1.000000  -1.320000 0.880000 0.000000 0.000000 1.000000  0.00316000 0.00284400 0.00252800
1.0 5.0 0.550000 0.800000 0.650000 1.000000  -1.100000 0.880000 0.000000 0.000000 1.000000  0.00419956 0.00377960 0.00335965
1.0 5.0 0.550000 0.800000 0.650000 1.000000  -0.880000 0.880000 0.000000 0.000000 1.000000  0.00546119 0.00491507 0.00436895
1.0 5.0 0.550000 0.800000 0.650000 1.000000  -0.660000 0.880000 0.000000 0.000000 1.000000  0.00688180 0.00619362 0.00550544
1.0 5.0 0.550000 0.800000 0.650000 1.000000  -0.440000 0.880000 0.000000 0.000000 1.000000  0.00828700 0.00745830 0.00662960
1.0 5.0 0.550000 0.800000 0.650000 1.000000  -0.220000 0.880000 0.000000 0.000000 1.000000  0.00937031 0.00843328 0.00749625
1.0 5.0 0.550000 0.800000 0.650000 1.000000  0.000000 0.880000 0.000000 0.000000 1.000000  0.00978528 0.00880675 0.00782823
1.0 5.0 0.550000 0.800000 0.650000 1.000000  0.220000 0.880000 0.000000 0.000000 1.000000  0.00937031 0.00843328 0.00749625
1.0 5.0 0.550000 0.800000 0.650000 1.000000  0.440000 0.880000 0.000000 0.000000 1.000000  0.00828700 0.00745830 0.00662960
1.0 5.0 0.550000 0.800000 0.650000 1.000000  0.660000 0.880000 0.000000 0.000000 1.000000  0.00688180 0.00619362 0.00550544
1.0 5.0 0.550000 0.800000 0.650000 1.000000  0.880000 0.880000 0.000000 0.000000 1.000000  0.00546119 0.00491507 0.00436895
1.0 5.0 0.550000 0.800000 0.650000 1.000000  1.100000 0.880000 0.000000 0.000000 1.000000  0.00419956 0.00377960 0.00335965
1.0 5.0 0.550000 0.800000 0.650000 1.000000  1.320000 0.880000 0.000000 0.000000 1.000000  0.00316000 0.00284400 0.00252800
2.0 5.0 0.550000 0.800000 0.650000 1.000000  -1.320000 -0.880000 0.000000 0.000000 1.000000  0.00316001 0.00284401 0.00252801
2.0 5.0 0.550000 0.800000 0.650000 1.000000  -1.100000 -0.880000 0.000000 0.000000 1.000000  0.00425280 0.00383018 0.00340490
2.0 5.0 0.550000 0.800000 0.650000 1.000000  -0.880000 -0.880000 0.000000 0.000000 1.000000  0.00546119 0.00491507 0.00436895
2.0 5.0 0.550000 0.800000 0.650000 1.000000  -0.660000 -0.880000 0.000000 0.000000 1.000000  0.00689300 0.00620426 0.00551496
2.0 5.0 0.550000 0.800000 0.650000 1.000000  -0.440000 -0.880000 0.000000 0.000000 1.000000  0.01998453 0.01857095 0.01657250
2.0 5.0 0.550000 0.800000 0.650000 1.000000  -0.220000 -0.880000 0.000000 0.000000 1.000000  0.00937052 0.00843348 0.00749643
2.0 5.0 0.550000 0.800000 0.650000 1.000000  0.000000 -0.880000 0.000000 0.000000 1.000000  0.01105839 0.01001621 0.00891037
2.0 5.0 0.550000 0.800000 0.650000 1.000000  0.220000 -0.880000 0.000000 0.000000 1.000000  0.01459370 0.01339550 0.01193613
2.0 5.0 0.550000 0.800000 0.650000 1.000000  0.440000 -0.880000 0.000000 0.000000 1.000000  0.00898175 0.00811831 0.00722014
2.0 5.0 0.550000 0.800000 0.650000 1.000000  0.660000 -0.880000 0.000000 0.000000 1.000000  0.00688180 0.00619362 0.00550544
2.0 5.0 0.550000 0.800000 0.650000 1.000000  0.880000 -0.880000 0.000000 0.000000 1.000000  0.00546119 0.00491507 0.00436895
2.0 5.0 0.550000 0.800000 0.650000 1.000000  1.100000 -0.880000 0.000000 0.000000 1.000000  0.00425301 0.00383038 0.00340508
2.0 5.0 0.550000 0.800000 0.650000 1.000000  1.320000 -0.880000 0.000000 0.000000 1.000000  0.00323519 0.00291543 0.00259191
2.0 5.0 0.550000 0.800000 0.650000 1.000000  -1.320000 -0.660000 0.000000 0.000000 1.000000  0.00379786 0.00341937 0.00303958
2.0 5.0 0.550000 0.800000 0.650000 1.000000  -1.100000 -0.660000 0.000000 0.000000 1.000000  0.00513662 0.00462296 0.00410930
2.0 5.0 0.550000 0.800000 0.650000 1.000000  -0.880000 -0.660000 0.000000 0.000000 1.000000  0.00702419 0.00632889 0.00562647
2.0 5.0 0.550000 0.800000 0.650000 1.000000  -0.660000 -0.660000 0.000000 0.000000 1.000000  0.00898422 0.00808580 0.00718738
2.0 5.0 0.550000 0.800000 0.650000 1.000000  -0.440000 -0.660000 0.000000 0.000000 1.000000  0.01245019 0.01126554 0.01002052
2.0 5.0 0.550000 0.800000 0.650000 1.000000  -0.220000 -0.660000 0.000000 0.000000 1.000000  0.01353872 0.01220472 0.01085085
2.0 5.0 0.550000 0.800000 0.650000 1.000000  0.000000 -0.660000 0.000000 0.000000 1.000000  0.01867956 0.01704989 0.01518193
2.0 5.0 0.550000 0.800000 0.650000 1.000000  0.220000 -0.660000 0.000000 0.000000 1.000000  0.04370543 0.04086309 0.03649255
2.0 5.0 0.550000 0.800000 0.650000 1.000000  0.440000 -0.660000 0.000000 0.000000 1.000000  0.01124277 0.01011849 0.00899422
2.0 5.0 0.550000 0.800000 0.650000 1.000000  0.660000 -0.660000 0.000000 0.000000 1.000000  0.00898422 0.00808580 0.00718738
2.0 5.0 0.550000 0.800000 0.650000 1.000000  0.880000 -0.660000 0.000000 0.000000 1.000000  0.00703540 0.00633954 0.00563600
2.0 5.0 0.550000 0.800000 0.650000 1.000000  1.100000 -0.660000 0.000000 0.000000 1.000000  0.00653885 0.00595508 0.00530120
2.0 5.0 0.550000 0.800000 0.650000 1.000000  1.320000 -0.660000 0.000000 0.000000 1.000000  0.00576460 0.00528777 0.00471131
2.0 5.0 0.550000 0.800000 0.650000 1.000000  -1.320000 -0.440000 0.000000 0.000000 1.000000  0.00699480 0.00642919 0.00572972
2.0 5.0 0.550000 0.800000 0.650000 1.000000  -1.100000 -0.440000 0.000000 0.000000 1.000000  0.00858428 0.00785460 0.00699617
2.0 5.0 0.550000 0.800000 0.650000 1.000000  -0.880000 -0.440000 0.000000 0.000000 1.000000  0.00843196 0.00759601 0.00675282
2.0 5.0 0.550000 0.800000 0.650000 1.000000  -0.660000 -0.440000 0.000000 0.000000 1.000000  0.01124386 0.01011953 0.00899515
2.0 5.0 0.550000 0.800000 0.650000 1.000000  -0.440000 -0.440000 0.000000 0.000000 1.000000  0.01477998 0.01330198 0.01182398
2.0 5.0 0.550000 0.800000 0.650000 1.000000  -0.220000 -0.440000 0.000000 0.000000 1.000000  0.09109309 0.08562809 0.07651879
2.0 5.0 0.550000 0.800000 0.650000 1.000000  0.000000 -0.440000 0.000000 0.000000 1.000000  0.03762444 0.03475400 0.03099157
2.0 5.0 0.550000 0.800000 0.650000 1.000000  0.220000 -0.440000 0.000000 0.000000 1.000000  0.02953875 0.02715148 0.02419761
2.0 5.0 0.550000 0.800000 0.650000 1.000000  0.440000 -0.440000 0.000000 0.000000 1.000000  0.01477998 0.01330198 0.01182398
2.0 5.0 0.550000 0.800000 0.650000 1.000000  0.660000 -0.440000 0.000000 0.000000 1.000000  0.01245128 0.01126658 0.01002145
2.0 5.0 0.550000 0.800000 0.650000 1.000000  0.880000 -0.440000 0.000000 0.000000 1.000000  0.01943474 0.01804865 0.01610518
2.0 5.0 0.550000 0.800000 0.650000 1.000000  1.100000 -0.440000 0.000000 0.000000 1.000000  0.00725667 0.00659338 0.00586771
2.0 5.0 0.550000 0.800000 0.650000 1.000000  1.320000 -0.440000 0.000000 0.000000 1.000000  0.00435214 0.00391867 0.00348346
2.0 5.0 0.550000 0.800000 0.650000 1.000000  -1.320000 -0.220000 0.000000 0.000000 1.000000  0.00473048 0.00425891 0.00378587
2.0 5.0 0.550000 0.800000 0.650000 1.000000  -1.100000 -0.220000 0.000000 0.000000 1.000000  0.00717380 0.00648280 0.00576543
2.0 5.0 0.550000 0.800000 0.650000 1.000000  -0.880000 -0.220000 0.000000 0.000000 1.000000  0.01530724 0.01407336 0.01254264
2.0 5.0 0.550000 0.800000 0.650000 1.000000  -0.660000 -0.220000 0.000000 0.000000 1.000000  0.04370558 0.04086324 0.03649268
2.0 5.0 0.550000 0.800000 0.650000 1.000000  -0.440000 -0.220000 0.000000 0.000000 1.000000  0.01901757 0.01715636 0.01525461
2.0 5.0 0.550000 0.800000 0.650000 1.000000  -0.220000 -0.220000 0.000000 0.000000 1.000000  0.02431462 0.02188316 0.01945170
2.0 5.0 0.550000 0.800000 0.650000 1.000000  0.000000 -0.220000 0.000000 0.000000 1.000000  0.09491503 0.08876272 0.07927122
2.0 5.0 0.550000 0.800000 0.650000 1.000000  0.220000 -0.220000 0.000000 0.000000 1.000000  0.02431462 0.02188316 0.01945170
2.0 5.0 0.550000 0.800000 0.650000 1.000000  0.440000 -0.220000 0.000000 0.000000 1.000000  0.08057190 0.07563297 0.06757578
2.0 5.0 0.550000 0.800000 0.650000 1.000000  0.660000 -0.220000 0.000000 0.000000 1.000000  0.01353888 0.01220487 0.01085098
2.0 5.0 0.550000 0.800000 0.650000 1.000000  0.880000 -0.220000 0.000000 0.000000 1.000000  0.01008406 0.00911134 0.00810294
2.0 5.0 0.550000 0.800000 0.650000 1.000000  1.100000 -0.220000 0.000000 0.000000 1.000000  0.00679148 0.00611960 0.00544045
2.0 5.0 0.550000 0.800000 0.650000 1.000000  1.320000 -0.220000 0.000000 0.000000 1.000000  0.00470322 0.00423302 0.00376270
2.0 5.0 0.550000 0.800000 0.650000 1.000000  -1.320000 0.000000 0.000000 0.000000 1.000000  0.01026237 0.01087555 0.01231162
2.0 5.0 0.550000 0.800000 0.650000 1.000000  -1.100000 0.000000 0.000000 0.000000 1.000000  0.01568014 0.01677218 0.01919936
2.0 5.0 0.550000 0.800000 0.650000 1.000000  -0.880000 0.000000 0.000000 0.000000 1.000000  0.02406106 0.02597101 0.03004733
2.0 5.0 0.550000 0.800000 0.650000 1.000000  -0.660000 0.000000 0.000000 0.000000 1.000000  0.03707696 0.04037230 0.04718268
2.0 5.0 0.550000 0.800000 0.650000 1.000000  -0.440000 0.000000 0.000000 0.000000 1.000000  0.05736758 0.06299360 0.07432295
2.0 5.0 0.550000 0.800000 0.650000 1.000000  -0.220000 0.000000 0.000000 0.000000 1.000000  0.08911233 0.09863780 0.11741720
2.0 5.0 0.550000 0.800000 0.650000 1.000000  0.000000 0.000000 0.000000 0.000000 1.000000  0.44495168 0.47778147 0.50734550
2.0 5.0 0.550000 0.800000 0.650000 1.000000  0.220000 0.000000 0.000000 0.000000 1.000000  0.08911233 0.09863780 0.11741720
2.0 5.0 0.550000 0.800000 0.650000 1.000000  0.440000 0.000000 0.000000 0.000000 1.000000  0.05736758 0.06299360 0.07432295
2.0 5.0 0.550000 0.800000 0.650000 1.000000  0.660000 0.000000 0.000000 0.000000 1.000000  0.03707696 0.04037230 0.04718268
2.0 5.0 0.550000 0.800000 0.650000 1.000000  0.880000 0.000000 0.000000 0.000000 1.000000  0.02406106 0.02597101 0.03004733
2.0 5.0 0.550000 0.800000 0.650000 1.000000  1.100000 0.000000 0.000000 0.000000 1.000000  0.01568014 0.01677218 0.01919936
2.0 5.0 0.550000 0.800000 0.650000 1.000000  1.320000 0.000000 0.000000 0.000000 1.000000  0.01026237 0.01087555 0.01231162
2.0 5.0 0.550000 0.800000 0.650000 1.000000  -1.320000 0.220000 0.000000 0.000000 1.000000  0.00470322 0.00423302 0.00376270
2.0 5.0 0.550000 0.800000 0.650000 1.000000  -1.100000 0.220000 0.000000 0.000000 1.000000  0.00679147 0.00611960 0.00544045
2.0 5.0 0.550000 0.800000 0.650000 1.000000  -0.880000 0.220000 0.000000 0.000000 1.000000  0.01008407 0.00911135 0.00810294
2.0 5.0 0.550000 0.800000 0.650000 1.000000  -0.660000 0.220000 0.000000 0.000000 1.000000  0.01353888 0.01220487 0.01085098
2.0 5.0 0.550000 0.800000 0.650000 1.000000  -0.440000 0.220000 0.000000 0.000000 1.000000  0.08057190 0.07563297 0.06757578
2.0 5.0 0.550000 0.800000 0.650000 1.000000  -0.220000 0.220000 0.000000 0.000000 1.000000  0.02431462 0.02188316 0.01945170
2.0 5.0 0.550000 0.800000 0.650000 1.000000  0.000000 0.220000 0.000000 0.000000 1.000000  0.09491503 0.08876272 0.07927122
2.0 5.0 0.550000 0.800000 0.650000 1.000000  0.220000 0.220000 0.000000 0.000000 1.000000  0.02431462 0.02188316 0.01945170
2.0 5.0 0.550000 0.800000 0.650000 1.000000  0.440000 0.220000 0.000000 0.000000 1.000000  0.01901757 0.01715636 0.01525461
2.0 5.0 0.550000 0.800000 0.650000 1.000000  0.660000 0.220000 0.000000 0.000000 1.000000  0.04370558 0.04086324 0.03649268
2.0 5.0 0.550000 0.800000 0.650000 1.000000  0.880000 0.220000 0.000000 0.000000 1.000000  0.01530723 0.01407336 0.01254263
2.0 5.0 0.550000 0.800000 0.650000 1.000000  1.100000 0.220000 0.000000 0.000000 1.000000  0.00717380 0.00648281 0.00576543
2.0 5.0 0.550000 0.800000 0.650000 1.000000  1.320000 0.220000 0.000000 0.000000 1.000000  0.00473048 0.00425891 0.00378587
2.0 5.0 0.550000 0.800000 0.650000 1.000000  -1.320000 0.440000 0.000000 0.000000 1.000000  0.00435214 0.00391867 0.00348346
2.0 5.0 0.550000 0.800000 0.650000 1.000000  -1.100000 0.440000 0.000000 0.000000 1.000000  0.00725667 0.00659338 0.00586771
2.0 5.0 0.550000 0.800000 0.650000 1.000000  -0.880000 0.440000 0.000000 0.000000 1.000000  0.01943474 0.01804865 0.01610518
2.0 5.0 0.550000 0.800000 0.650000 1.000000  -0.660000 0.440000 0.000000 0.000000 1.000000  0.01245128 0.01126658 0.01002145
2.0 5.0 0.550000 0.800000 0.650000 1.000000  -0.440000 0.440000 0.000000 0.000000 1.000000  0.01477998 0.01330198 0.01182398
2.0 5.0 0.550000 0.800000 0.650000 1.000000  -0.220000 0.440000 0.000000 0.000000 1.000000  0.02953875 0.02715149 0.02419761
2.0 5.0 0.550000 0.800000 0.650000 1.000000  0.000000 0.440000 0.000000 0.000000 1.000000  0.03762444 0.03475400 0.03099157
2.0 5.0 0.550000 0.800000 0.650000 1.000000  0.220000 0.440000 0.000000 0.000000 1.000000  0.09109309 0.08562809 0.07651879
2.0 5.0 0.550000 0.800000 0.650000 1.000000  0.440000 0.440000 0.000000 0.000000 1.000000  0.01477998 0.01330198 0.01182398
2.0 5.0 0.550000 0.800000 0.650000 1.000000  0.660000 0.440000 0.000000 0.000000 1.000000  0.01124386 0.01011953 0.00899515
2.0 5.0 0.550000 0.800000 0.650000 1.000000  0.880000 0.440000 0.000000 0.000000 1.000000  0.00843196 0.00759601 0.00675282
2.0 5.0 0.550000 0.800000 0.650000 1.000000  1.100000 0.440000 0.000000 0.000000 1.000000  0.00858428 0.00785461 0.00699618
2.0 5.0 0.550000 0.800000 0.650000 1.000000  1.320000 0.440000 0.000000 0.000000 1.000000  0.00699480 0.00642919 0.00572972
2.0 5.0 0.550000 0.800000 0.650000 1.000000  -1.320000 0.660000 0.000000 0.000000 1.000000  0.00576460 0.00528777 0.00471131
2.0 5.0 0.550000 0.800000 0.650000 1.000000  -1.100000 0.660000 0.000000 0.000000 1.000000  0.00653885 0.00595508 0.00530120
2.0 5.0 0.550000 0.800000 0.650000 1.000000  -0.880000 0.660000 0.000000 0.000000 1.000000  0.00703540 0.00633954 0.00563600
2.0 5.0 0.550000 0.800000 0.650000 1.000000  -0.660000 0.660000 0.000000 0.000000 1.000000  0.00898422 0.00808580 0.00718738
2.0 5.0 0.550000 0.800000 0.650000 1.000000  -0.440000 0.660000 0.000000 0.000000 1.000000  0.01124277 0.01011849 0.00899422
2.0 5.0 0.550000 0.800000 0.650000 1.000000  -0.220000 0.660000 0.000000 0.000000 1.000000  0.04370543 0.04086309 0.03649255
2.0 5.0 0.550000 0.800000 0.650000 1.000000  0.000000 0.660000 0.000000 0.000000 1.000000  0.01867956 0.01704989 0.01518193
2.0 5.0 0.550000 0.800000 0.650000 1.000000  0.220000 0.660000 0.000000 0.000000 1.000000  0.01353872 0.01220472 0.01085085
2.0 5.0 0.550000 0.800000 0.650000 1.000000  0.440000 0.660000 0.000000 0.000000 1.000000  0.01245019 0.01126554 0.01002052
2.0 5.0 0.550000 0.800000 0.650000 1.000000  0.660000 0.660000 0.000000 0.000000 1.000000  0.00898422 0.00808580 0.00718738
2.0 5.0 0.550000 0.800000 0.650000 1.000000  0.880000 0.660000 0.000000 0.000000 1.000000  0.00702419 0.00632889 0.00562647
2.0 5.0 0.550000 0.800000 0.650000 1.000000  1.100000 0.660000 0.000000 0.000000 1.000000  0.00513662 0.00462296 0.00410930
2.0 5.0 0.550000 0.800000 0.650000 1.000000  1.320000 0.660000 0.000000 0.000000 1.000000  0.00379786 0.00341937 0.00303958
2.0 5.0 0.550000 0.800000 0.650000 1.000000  -1.320000 0.880000 0.000000 0.000000 1.000000  0.00323519 0.00291543 0.00259191
2.0 5.0 0.550000 0.800000 0.650000 1.000000  -1.100000 0.880000 0.000000 0.000000 1.000000  0.00425301 0.00383038 0.00340508
2.0 5.0 0.550000 0.800000 0.650000 1.000000  -0.880000 0.880000 0.000000 0.000000 1.000000  0.00546119 0.00491507 0.00436895
2.0 5.0 0.550000 0.800000 0.650000 1.000000  -0.660000 0.880000 0.000000 0.000000 1.000000  0.00688180 0.00619362 0.00550544
2.0 5.0 0.550000 0.800000 0.650000 1.000000  -0.440000 0.880000 0.000000 0.000000 1.000000  0.00898175 0.00811831 0.00722014
2.0 5.0 0.550000 0.800000 0.650000 1.000000  -0.220000 0.880000 0.000000 0.000000 1.000000  0.01459369 0.01339549 0.01193612
2.0 5.0 0.550000 0.800000 0.650000 1.000000  0.000000 0.880000 0.000000 0.000000 1.000000  0.01105839 0.01001621 0.00891037
2.0 5.0 0.550000 0.800000 0.650000 1.000000  0.220000 0.880000 0.000000 0.000000 1.000000  0.00937052 0.00843348 0.00749643
2.0 5.0 0.550000 0.800000 0.650000 1.000000  0.440000 0.880000 0.000000 0.000000 1.000000  0.01998453 0.01857095 0.01657250
2.0 5.0 0.550000 0.800000 0.650000 1.000000  0.660000 0.880000 0.000000 0.000000 1.000000  0.00689300 0.00620426 0.00551496
2.0 5.0 0.550000 0.800000 0.650000 1.000000  0.880000 0.880000 0.000000 0.000000 1.000000  0.00546119 0.00491507 0.00436895
2.0 5.0 0.550000 0.800000 0.650000 1.000000  1.100000 0.880000 0.000000 0.000000 1.000000  0.00425280 0.00383018 0.00340490
2.0 5.0 0.550000 0.800000 0.650000 1.000000  1.320000 0.880000 0.000000 0.000000 1.000000  0.00316001 0.00284401 0.00252801
3.0 5.0 0.550000 0.800000 0.650000 1.000000  -1.320000 -0.880000 0.000000 0.000000 1.000000  0.00316000 0.00284400 0.00252800
3.0 5.0 0.550000 0.800000 0.650000 1.000000  -1.100000 -0.880000 0.000000 0.000000 1.000000  0.00419956 0.00377960 0.00335965
3.0 5.0 0.550000 0.800000 0.650000 1.000000  -0.880000 -0.880000 0.000000 0.000000 1.000000  0.00546119 0.00491507 0.00436895
3.0 5.0 0.550000 0.800000 0.650000 1.000000  -0.660000 -0.880000 0.000000 0.000000 1.000000  0.00688180 0.00619362 0.00550544
3.0 5.0 0.550000 0.800000 0.650000 1.000000  -0.440000 -0.880000 0.000000 0.000000 1.000000  0.00828700 0.00745830 0.00662960
3.0 5.0 0.550000 0.800000 0.650000 1.000000  -0.220000 -0.880000 0.000000 0.000000 1.000000  0.00937031 0.00843328 0.00749625
3.0 5.0 0.550000 0.800000 0.650000 1.000000  0.000000 -0.880000 0.000000 0.000000 1.000000  0.00978528 0.00880675 0.00782823
3.0 5.0 0.550000 0.800000 0.650000 1.000000  0.220000 -0.880000 0.000000 0.000000 1.000000  0.00937031 0.00843328 0.00749625
3.0 5.0 0.550000 0.800000 0.650000 1.000000  0.440000 -0.880000 0.000000 0.000000 1.000000  0.00828700 0.00745830 0.00662960
3.0 5.0 0.550000 0.800000 0.650000 1.000000  0.660000 -0.880000 0.000000 0.000000 1.000000  0.00688180 0.00619362 0.00550544
3.0 5.0 0.550000 0.800000 0.650000 1.000000  0.880000 -0.880000 0.000000 0.000000 1.000000  0.00546119 0.00491507 0.00436895
3.0 5.0 0.550000 0.800000 0.650000 1.000000  1.100000 -0.880000 0.000000 0.000000 1.000000  0.00419956 0.00377960 0.00335965
3.0 5.0 0.550000 0.800000 0.650000 1.000000  1.320000 -0.880000 0.000000 0.000000 1.000000  0.00316000 0.00284400 0.00252800
3.0 5.0 0.550000 0.800000 0.650000 1.000000  -1.320000 -0.660000 0.000000 0.000000 1.000000  0.00377195 0.00339475 0.00301756
3.0 5.0 0.550000 0.800000 0.650000 1.000000  -1.100000 -0.660000 0.000000 0.000000 1.000000  0.00513656 0.00462291 0.00410925
3.0 5.0 0.550000 0.800000 0.650000 1.000000  -0.880000 -0.660000 0.000000 0.000000 1.000000  0.00688180 0.00619362 0.00550544
3.0 5.0 0.550000 0.800000 0.650000 1.000000  -0.660000 -0.660000 0.000000 0.000000 1.000000  0.00898422 0.00808580 0.00718738
3.0 5.0 0.550000 0.800000 0.650000 1.000000  -0.440000 -0.660000 0.000000 0.000000 1.000000  0.01124277 0.01011849 0.00899422
3.0 5.0 0.550000 0.800000 0.650000 1.000000  -0.220000 -0.660000 0.000000 0.000000 1.000000  0.01314127 0.01182714 0.01051302
3.0 5.0 0.550000 0.800000 0.650000 1.000000  0.000000 -0.660000 0.000000 0.000000 1.000000  0.01391378 0.01252240 0.01113102
3.0 5.0 0.550000 0.800000 0.650000 1.000000  0.220000 -0.660000 0.000000 0.000000 1.000000  0.01314127 0.01182714 0.01051302
3.0 5.0 0.550000 0.800000 0.650000 1.000000  0.440000 -0.660000 0.000000 0.000000 1.000000  0.01124277 0.01011849 0.00899422
3.0 5.0 0.550000 0.800000 0.650000 1.000000  0.660000 -0.660000 0.000000 0.000000 1.000000  0.00898422 0.00808580 0.00718738
3.0 5.0 0.550000 0.800000 0.650000 1.000000  0.880000 -0.660000 0.000000 0.000000 1.000000  0.00688180 0.00619362 0.00550544
3.0 5.0 0.550000 0.800000 0.650000 1.000000  1.100000 -0.660000 0.000000 0.000000 1.000000  0.00513656 0.00462291 0.00410925
3.0 5.0 0.550000 0.800000 0.650000 1.000000  1.320000 -0.660000 0.000000 0.000000 1.000000  0.00377195 0.00339475 0.00301756
3.0 5.0 0.550000 0.800000 0.650000 1.000000  -1.320000 -0.440000 0.000000 0.000000 1.000000  0.00431732 0.00388559 0.00345386
3.0 5.0 0.550000 0.800000 0.650000 1.000000  -1.100000 -0.440000 0.000000 0.000000 1.000000  0.00600926 0.00540833 0.00480741
3.0 5.0 0.550000 0.800000 0.650000 1.000000  -0.880000 -0.440000 0.000000 0.000000 1.000000  0.00828700 0.00745830 0.00662960
3.0 5.0 0.550000 0.800000 0.650000 1.000000  -0.660000 -0.440000 0.000000 0.000000 1.000000  0.01124277 0.01011849 0.00899422
3.0 5.0 0.550000 0.800000 0.650000 1.000000  -0.440000 -0.440000 0.000000 0.000000 1.000000  0.01477997 0.01330198 0.01182398
3.0 5.0 0.550000 0.800000 0.650000 1.000000  -0.220000 -0.440000 0.000000 0.000000 1.000000  0.01820659 0.01638593 0.01456527
3.0 5.0 0.550000 0.800000 0.650000 1.000000  0.000000 -0.440000 0.000000 0.000000 1.000000  0.01978412 0.01780570 0.01582729
3.0 5.0 0.550000 0.800000 0.650000 1.000000  0.220000 -0.440000 0.000000 0.000000 1.000000  0.01820659 0.01638593 0.01456527
3.0 5.0 0.550000 0.800000 0.650000 1.000000  0.440000 -0.440000 0.000000 0.000000 1.000000  0.01477997 0.01330198 0.01182398
3.0 5.0 0.550000 0.800000 0.650000 1.000000  0.660000 -0.440000 0.000000 0.000000 1.000000  0.01124277 0.01011849 0.00899422
3.0 5.0 0.550000 0.800000 0.650000 1.000000  0.880000 -0.440000 0.000000 0.000000 1.000000  0.00828700 0.00745830 0.00662960
3.0 5.0 0.550000 0.800000 0.650000 1.000000  1.100000 -0.440000 0.000000 0.000000 1.000000  0.00600926 0.00540833 0.00480741
3.0 5.0 0.550000 0.800000 0.650000 1.000000  1.320000 -0.440000 0.000000 0.000000 1.000000  0.00431732 0.00388559 0.00345386
3.0 5.0 0.550000 0.800000 0.650000 1.000000  -1.320000 -0.220000 0.000000 0.000000 1.000000  0.00470087 0.00423078 0.00376069
3.0 5.0 0.550000 0.800000 0.650000 1.000000  -1.100000 -0.220000 0.000000 0.000000 1.000000  0.00664606 0.00598146 0.00531685
3.0 5.0 0.550000 0.800000 0.650000 1.000000  -0.880000 -0.220000 0.000000 0.000000 1.000000  0.00937031 0.00843328 0.00749625
3.0 5.0 0.550000 0.800000 0.650000 1.000000  -0.660000 -0.220000 0.000000 0.000000 1.000000  0.01314127 0.01182714 0.01051302
3.0 5.0 0.550000 0.800000 0.650000 1.000000  -0.440000 -0.220000 0.000000 0.000000 1.000000  0.01820659 0.01638593 0.01456527
3.0 5.0 0.550000 0.800000 0.650000 1.000000  -0.220000 -0.220000 0.000000 0.000000 1.000000  0.02431458 0.02188312 0.01945167
3.0 5.0 0.550000 0.800000 0.650000 1.000000  0.000000 -0.220000 0.000000 0.000000 1.000000  0.02813121 0.02531808 0.02250497
3.0 5.0 0.550000 0.800000 0.650000 1.000000  0.220000 -0.220000 0.000000 0.000000 1.000000  0.02431458 0.02188312 0.01945167
3.0 5.0 0.550000 0.800000 0.650000 1.000000  0.440000 -0.220000 0.000000 0.000000 1.000000  0.01820659 0.01638593 0.01456527
3.0 5.0 0.550000 0.800000 0.650000 1.000000  0.660000 -0.220000 0.000000 0.000000 1.000000  0.01314127 0.01182714 0.01051302
3.0 5.0 0.550000 0.800000 0.650000 1.000000  0.880000 -0.220000 0.000000 0.000000 1.000000  0.00937031 0.00843328 0.00749625
3.0 5.0 0.550000 0.800000 0.650000 1.000000  1.100000 -0.220000 0.000000 0.000000 1.000000  0.00664606 0.00598146 0.00531685
3.0 5.0 0.550000 0.800000 0.650000 1.000000  1.320000 -0.220000 0.000000 0.000000 1.000000  0.00470087 0.00423078 0.00376069
3.0 5.0 0.550000 0.800000 0.650000 1.000000  -1.320000 0.000000 0.000000 0.000000 1.000000  0.01026237 0.01087555 0.01231162
3.0 5.0 0.550000 0.800000 0.650000 1.000000  -1.100000 0.000000 0.000000 0.000000 1.000000  0.01568014 0.01677218 0.01919936
3.0 5.0 0.550000 0.800000 0.650000 1.000000  -0.880000 0.000000 0.000000 0.000000 1.000000  0.02406106 0.02597101 0.03004733
3.0 5.0 0.550000 0.800000 0.650000 1.000000  -0.660000 0.000000 0.000000 0.000000 1.000000  0.03707696 0.04037230 0.04718268
3.0 5.0 0.550000 0.800000 0.650000 1.000000  -0.440000 0.000000 0.000000 0.000000 1.000000  0.05736758 0.06299360 0.07432295
3.0 5.0 0.550000 0.800000 0.650000 1.000000  -0.220000 0.000000 0.000000 0.000000 1.000000  0.08911233 0.09863780 0.11741720
3.0 5.0 0.550000 0.800000 0.650000 1.000000  0.000000 0.000000 0.000000 0.000000 1.000000  0.13894501 0.15496501 0.18600003
3.0 5.0 0.550000 0.800000 0.650000 1.000000  0.220000 0.000000 0.000000 0.000000 1.000000  0.08911233 0.09863780 0.11741720
3.0 5.0 0.550000 0.800000 0.650000 1.000000  0.440000 0.000000 0.000000 0.000000 1.000000  0.05736758 0.06299360 0.07432295
3.0 5.0 0.550000 0.800000 0.650000 1.000000  0.660000 0.000000 0.000000 0.000000 1.000000  0.03707696 0.04037230 0.04718268
3.0 5.0 0.550000 0.800000 0.650000 1.000000  0.880000 0.000000 0.000000 0.000000 1.000000  0.02406106 0.02597101 0.03004733
3.0 5.0 0.550000 0.800000 0.650000 1.000000  1.100000 0.000000 0.000000 0.000000 1.000000  0.01568014 0.01677218 0.01919936
3.0 5.0 0.550000 0.800000 0.650000 1.000000  1.320000 0.000000 0.000000 0.000000 1.000000  0.01026237 0.01087555 0.01231162
3.0 5.0 0.550000 0.800000 0.650000 1.000000  -1.320000 0.220000 0.000000 0.000000 1.000000  0.00470087 0.00423078 0.00376069
3.0 5.0 0.550000 0.800000 0.650000 1.000000  -1.100000 0.220000 0.000000 0.000000 1.000000  0.00664606 0.00598146 0.00531685
3.0 5.0 0.550000 0.800000 0.650000 1.000000  -0.880000 0.220000 0.000000 0.000000 1.000000  0.00937031 0.00843328 0.00749625
3.0 5.0 0.550000 0.800000 0.650000 1.000000  -0.660000 0.220000 0.000000 0.000000 1.000000  0.01314127 0.01182714 0.01051302
3.0 5.0 0.550000 0.800000 0.650000 1.000000  -0.440000 0.220000 0.000000 0.000000 1.000000  0.01820659 0.01638593 0.01456527
3.0 5.0 0.550000 0.800000 0.650000 1.000000  -0.220000 0.220000 0.000000 0.000000 1.000000  0.02431458 0.02188312 0.01945167
3.0 5.0 0.550000 0.800000 0.650000 1.000000  0.000000 0.220000 0.000000 0.000000 1.000000  0.02813121 0.02531808 0.02250497
3.0 5.0 0.550000 0.800000 0.650000 1.000000  0.220000 0.220000 0.000000 0.000000 1.000000  0.02431458 0.02188312 0.01945167
3.0 5.0 0.550000 0.800000 0.650000 1.000000  0.440000 0.220000 0.000000 0.000000 1.000000  0.01820659 0.01638593 0.01456527
3.0 5.0 0.550000 0.800000 0.650000 1.000000  0.660000 0.220000 0.000000 0.000000 1.000000  0.01314127 0.01182714 0.01051302
3.0 5.0 0.550000 0.800000 0.650000 1.000000  0.880000 0.220000 0.000000 0.000000 1.000000  0.00937031 0.00843328 0.00749625
3.0 5.0 0.550000 0.800000 0.650000 1.000000  1.100000 0.220000 0.000000 0.000000 1.000000  0.00664606 0.00598146 0.00531685
3.0 5.0 0.550000 0.800000 0.650000 1.000000  1.320000 0.220000 0.000000 0.000000 1.000000  0.00470087 0.00423078 0.00376069
3.0 5.0 0.550000 0.800000 0.650000 1.000000  -1.320000 0.440000 0.000000 0.000000 1.000000  0.00431732 0.00388559 0.00345386
3.0 5.0 0.550000 0.800000 0.650000 1.000000  -1.100000 0.440000 0.000000 0.000000 1.000000  0.00600926 0.00540833 0.00480741
3.0 5.0 0.550000 0.800000 0.650000 1.000000  -0.880000 0.440000 0.000000 0.000000 1.000000  0.00828700 0.00745830 0.00662960
3.0 5.0 0.550000 0.800000 0.650000 1.000000  -0.660000 0.440000 0.000000 0.000000 1.000000  0.01124277 0.01011849 0.00899422
3.0 5.0 0.550000 0.800000 0.650000 1.000000  -0.440000 0.440000 0.000000 0.000000 1.000000  0.01477997 0.01330198 0.01182398
3.0 5.0 0.550000 0.800000 0.650000 1.000000  -0.220000 0.440000 0.000000 0.000000 1.000000  0.01820659 0.01638593 0.01456527
3.0 5.0 0.550000 0.800000 0.650000 1.000000  0.000000 0.440000 0.000000 0.000000 1.000000  0.01978412 0.01780570 0.01582729
3.0 5.0 0.550000 0.800000 0.650000 1.000000  0.220000 0.440000 0.000000 0.000000 1.000000  0.01820659 0.01638593 0.01456527
3.0 5.0 0.550000 0.800000 0.650000 1.000000  0.440000 0.440000 0.000000 0.000000 1.000000  0.01477997 0.01330198 0.01182398
3.0 5.0 0.550000 0.800000 0.650000 1.000000  0.660000 0.440000 0.000000 0.000000 1.000000  0.01124277 0.01011849 0.00899422
3.0 5.0 0.550000 0.800000 0.650000 1.000000  0.880000 0.440000 0.000000 0.000000 1.000000  0.00828700 0.00745830 0.00662960
3.0 5.0 0.550000 0.800000 0.650000 1.000000  1.100000 0.440000 0.000000 0.000000 1.000000  0.00600926 0.00540833 0.00480741
3.0 5.0 0.550000 0.800000 0.650000 1.000000  1.320000 0.440000 0.000000 0.000000 1.000000  0.00431732 0.00388559 0.00345386
3.0 5.0 0.550000 0.800000 0.650000 1.000000  -1.320000 0.660000 0.000000 0.000000 1.000000  0.00377195 0.00339475 0.00301756
3.0 5.0 0.550000 0.800000 0.650000 1.000000  -1.100000 0.660000 0.000000 0.000000 1.000000  0.00513656 0.00462291 0.00410925
3.0 5.0 0.550000 0.800000 0.650000 1.000000  -0.880000 0.660000 0.000000 0.000000 1.000000  0.00688180 0.00619362 0.00550544
3.0 5.0 0.550000 0.800000 0.650000 1.000000  -0.660000 0.660000 0.000000 0.000000 1.000000  0.00898422 0.00808580 0.00718738
3.0 5.0 0.550000 0.800000 0.650000 1.000000  -0.440000 0.660000 0.000000 0.000000 1.000000  0.01124277 0.01011849 0.00899422
3.0 5.0 0.550000 0.800000 0.650000 1.000000  -0.220000 0.660000 0.000000 0.000000 1.000000  0.01314127 0.01182714 0.01051302
3.0 5.0 0.550000 0.800000 0.650000 1.000000  0.000000 0.660000 0.000000 0.000000 1.000000  0.01391378 0.01252240 0.01113102
3.0 5.0 0.550000 0.800000 0.650000 1.000000  0.220000 0.660000 0.000000 0.000000 1.000000  0.01314127 0.01182714 0.01051302
3.0 5.0 0.550000 0.800000 0.650000 1.000000  0.440000 0.660000 0.000000 0.000000 1.000000  0.01124277 0.01011849 0.00899422
3.0 5.0 0.550000 0.800000 0.650000 1.000000  0.660000 0.660000 0.000000 0.000000 1.000000  0.00898422 0.00808580 0.00718738
3.0 5.0 0.550000 0.800000 0.650000 1.000000  0.880000 0.660000 0.000000 0.000000 1.000000  0.00688180 0.00619362 0.00550544
3.0 5.0 0.550000 0.800000 0.650000 1.000000  1.100000 0.660000 0.000000 0.000000 1.000000  0.00513656 0.00462291 0.00410925
3.0 5.0 0.550000 0.800000 0.650000 1.000000  1.320000 0.660000 0.000000 0.000000 1.000000  0.00377195 0.00339475 0.00301756
3.0 5.0 0.550000 0.800000 0.650000 1.000000  -1.320000 0.880000 0.000000 0.000000 1.000000  0.00316000 0.00284400 0.00252800
3.0 5.0 0.550000 0.800000 0.650000 1.000000  -1.100000 0.880000 0.000000 0.000000 1.000000  0.00419956 0.00377960 0.00335965
3.0 5.0 0.550000 0.800000 0.650000 1.000000  -0.880000 0.880000 0.000000 0.000000 1.000000  0.00546119 0.00491507 0.00436895
3.0 5.0 0.550000 0.800000 0.650000 1.000000  -0.660000 0.880000 0.000000 0.000000 1.000000  0.00688180 0.00619362 0.00550544
3.0 5.0 0.550000 0.800000 0.650000 1.000000  -0.440000 0.880000 0.000000 0.000000 1.000000  0.00828700 0.00745830 0.00662960
3.0 5.0 0.550000 0.800000 0.650000 1.000000  -0.220000 0.880000 0.000000 0.000000 1.000000  0.00937031 0.00843328 0.00749625
3.0 5.0 0.550000 0.800000 0.650000 1.000000  0.000000 0.880000 0.000000 0.000000 1.000000  0.00978528 0.00880675 0.00782823
3.0 5.0 0.550000 0.800000 0.650000 1.000000  0.220000 0.880000 0.000000 0.000000 1.000000  0.00937031 0.00843328 0.00749625
3.0 5.0 0.550000 0.800000 0.650000 1.000000  0.440000 0.880000 0.000000 0.000000 1.000000  0.00828700 0.00745830 0.00662960
3.0 5.0 0.550000 0.800000 0.650000 1.000000  0.660000 0.880000 0.000000 0.000000 1.000000  0.00688180 0.00619362 0.00550544
3.0 5.0 0.550000 0.800000 0.650000 1.000000  0.880000 0.880000 0.000000 0.000000 1.000000  0.00546119 0.00491507 0.00436895
3.0 5.0 0.550000 0.800000 0.650000 1.000000  1.100000 0.880000 0.000000 0.000000 1.000000  0.00419956 0.00377960 0.00335965
3.0 5.0 0.550000 0.800000 0.650000 1.000000  1.320000 0.880000 0.000000 0.000000 1.000000  0.00316000 0.00284400 0.00252800
